At    Name          MAI   MAI   Natural  Heat   Q-84  Q-96   W     s            
Nb                  Mass  Weight  Weight  Subl   Matsunami
1   H Hydrogen        1   1.008   1.008   .00   1.00      0.00     0.00     0.00
2  He Helium          4   4.003   4.003   .00   1.00      0.00     0.00     0.00 
3  Li Lithium         7   7.016   6.941  1.67    1.00      0.00     0.00     0.00
4  Be Beryllium       9   9.012   9.012  3.38   2.17  1.66  2.32  2.5
5   B Boron          11  11.009  10.811  5.73   4.6   2.62  4.39  2.5
6   C Carbon         12  12.000  12.011  7.41   3.1   1.70  1.84  2.5
7   N Nitrogen       14  14.003  14.007   .00    1.00      0.00     0.00     0.00
8   O Oxygen         16  15.995  15.999   .00    1.00      0.00     0.00     0.00
9   F Fluorine       19  18.998  18.998   .00    1.00      0.00     0.00     0.00
10 Ne Neon           20  19.992  20.180   .00    1.00      0.00     0.00     0.00
11 Na Sodium         23  22.990  22.990  1.12    1.00      0.00     0.00     0.00
12 Mg Magnesium      24  23.985  24.305  1.54    1.00      0.00     0.00     0.00
13 Al Aluminum       27  26.982  26.982  3.36   1.09  1.0   2.17  2.5
14 Si Silicon        28  27.977  28.086  4.70   0.78  0.66  2.32  2.5
15  P Phosphorus     31  30.974  30.974  3.27    1.00      0.00     0.00     0.00
16  S Sulfur         32  31.972  32.066  2.88    1.00      0.00     0.00     0.00
17 Cl Chlorine       35  34.969  35.453   .00    1.00      0.00     0.00     0.00
18 Ar Argon          40  39.962  39.948   .00    1.00      0.00     0.00     0.00
19  K Potassium      39  38.964  39.098   .93    1.00      0.00     0.00     0.00
20 Ca Calcium        40  39.963  40.080  1.83    1.00      0.00     0.00     0.00
21 Sc Scandium       45  44.956  44.956  3.49    1.00      0.00     0.00     0.00
22 Ti Titanium       48  47.950  47.900  4.89   0.58  0.54  2.57  2.5
23  V Vanadium       51  50.940  50.942  5.33   0.9   0.72  2.39  2.5
24 Cr Chromium       52  51.940  51.996  4.12   1.23  0.93  1.44  2.5
25 Mn Manganese      55  54.940  54.938  2.98   1.13  0.95  0.88  2.5
26 Fe Iron           56  55.935  55.847  4.34   1.06  0.75  1.20  2.5
27 Co Cobalt         59  58.930  58.933  4.43   1.0   1.02  1.54  2.5
28 Ni Nickel         58  57.940  58.690  4.46   1.06  0.94  1.33  2.5
29 Cu Copper         63  62.930  63.546  3.52   1.30  1.00  0.73  2.5
30 Zn Zinc           64  63.930  65.390  1.35    1.00      0.00     0.00     0.00
31 Ga Gallium        69  68.930  69.720  2.82    1.00      0.00     0.00     0.00
32 Ge Germanium      74  73.920  72.610  3.88   0.83  0.59  2.08  2.5
33 As Arsenic        75  74.920  74.922  1.26    1.00      0.00     0.00     0.00
34 Se Selenium       80  79.920  78.960  2.14    1.00      0.00     0.00     0.00
35 Br Bromine        79  78.920  79.904   .00    1.00      0.00     0.00     0.00
36 Kr Krypton        84  83.912  83.800   .00    1.00      0.00     0.00     0.00
37 Rb Rubidium       85  84.910  85.470   .86    1.00      0.00     0.00     0.00
38 Sr Strontium      88  87.910  87.620  1.70    1.00      0.00     0.00     0.00
39  Y Yttrium        89  88.906  88.905  4.24    1.00      0.00     0.00     0.00
40 Zr Zirconium      90  89.900  91.220  6.33   0.70  0.54  2.50  2.8
41 Nb Niobium        93  92.910  92.906  7.59   1.02  0.93  2.65  2.8
42 Mo Molybdenum     98  97.905  95.940  6.83   0.84  0.85  2.39  2.8
43 Tc Technetium     97  97.000  97.000   .00    1.00      0.00     0.00     0.00
44 Ru Ruthenium     102 101.904 101.070  6.69   1.52  1.31  2.36  2.5
45 Rh Rhodium       103 102.905 102.910  5.78   1.26  1.14  2.59  2.5
46 Pd Palladium     106 105.903 106.400  3.91   1.10  0.85  1.36  2.5
47 Ag Silver        107 106.905 107.870  2.97   1.21  1.08  1.03  2.8
48 Cd Cadmium       114 113.903 112.400  1.16    1.00      0.00     0.00     0.00  
49 In Indium        115 114.904 114.820  2.49    1.00      0.00     0.00     0.00
50 Sn Tin           120 119.902 118.710  3.12   0.47  0.47  0.88  2.5
51 Sb Antimony      121 120.903 121.750  2.72    1.00      0.00     0.00     0.00
52 Te Tellurium     130 129.906 127.600  2.02    1.00      0.00     0.00     0.00
53  I Iodine        127 126.904 126.900   .00    1.00      0.00     0.00     0.00
54 Xe Xenon         132 131.904 131.300   .00    1.00      0.00     0.00     0.00
55 Cs Cesium        133 132.905 132.910   .81    1.00      0.00     0.00     0.00
56 Ba Barium        138 137.905 137.327  1.84    1.00      0.00     0.00     0.00
57 La Lanthanum     139 138.906 138.910  4.42    1.00      0.00     0.00     0.00
58 Ce Cerium        140 139.905 140.120  4.23    1.00      0.00     0.00     0.00
59 Pr Praseodymium  141 140.907 140.910  3.71    1.00      0.00     0.00     0.00
60 Nd Neodymium     142 141.907 144.240  3.28    1.00      0.00     0.00     0.00
61 Pm Promethium    148 148.000 148.000   .00    1.00      0.00     0.00     0.00
62 Sm Samarium      152 151.919 150.360  2.16    1.00      0.00     0.00     0.00
63 Eu Europium      153 152.921 151.970  1.85    1.00      0.00     0.00     0.00
64 Gd Gadolinium    158 157.924 157.250  3.57    1.00      0.00     0.00     0.00
65 Tb Terbium       159 158.925 158.930  3.81    1.00    0.90  1.42  2.5
66 Dy Dysprosium    164 163.929 162.500  2.89    1.00      0.00     0.00     0.00
67 Ho Holmium       165 164.930 164.930  3.05    1.00      0.00     0.00     0.00
68 Er Erbium        166 165.930 167.260  3.05    1.00      0.00     0.00     0.00
69 Tm Thulium       169 168.934 168.930  2.52    1.00    0.65  0.85  2.5
70 Yb Ytterbium     174 173.939 173.040  1.74    1.00      0.00     0.00     0.00
71 Lu Lutetium      175 174.941 174.970  4.29    1.00      0.00     0.00     0.00
72 Hf Hafnium       180 179.947 178.490  6.31   0.75  0.65  2.25  2.5
73 Ta Tantalum      181 180.948 180.950  8.10   0.78  0.56  2.84  2.8
74  W Tungsten      184 183.951 183.850  8.68   1.10  0.72  2.14  2.8
75 Re Rhenium       187 186.956 186.200  8.09   1.27  1.03  2.81  2.5
76 Os Osmium        192 191.961 190.200  8.13   1.47  1.11  2.68  2.5
77 Ir Iridium       193 192.963 192.200  6.90   1.37  0.96  2.43  2.5
78 Pt Platinum      195 194.965 195.080  5.86   1.13  1.03  3.21  2.5
79 Au Gold          197 196.967 196.970  3.80   1.04  1.08  1.64  2.8
80 Hg Mercury       202 201.971 200.590   .64    1.00      0.00     0.00     0.00
81 Tl Thallium      205 204.974 204.380  1.88    1.00      0.00     0.00     0.00
82 Pb Lead          208 207.977 207.190  2.03    1.00      0.00     0.00     0.00
83 Bi Bismuth       209 208.980 208.980  2.17    1.00      0.00     0.00     0.00
84 Po Polonium      210 209.983 210.000  1.50    1.00      0.00     0.00     0.00
85 At Astatine      210 210.000 210.000   .00    1.00      0.00     0.00     0.00
86 Rn Radon         222 222.000 222.000   .00    1.00      0.00     0.00     0.00
87 Fr Francium      223 223.000 223.000   .00    1.00      0.00     0.00     0.00
88 Ra Radium        226 226.000 226.000   .00    1.00      0.00     0.00     0.00
89 Ac Actinium      227 227.000 227.000   .00    1.00      0.00     0.00     0.00
90 Th Thorium       232 232.038 232.000  5.93   0.9   0.63  2.79  2.5
91 Pa Proactinium   231 231.036 231.000   .00    1.00      0.00     0.00     0.00
92  U Uranium       238 238.051 238.030  5.42   0.81  0.66  2.78  2.5
